crossing time (s)	slope (V/s)	crossing number
281474976710655.000000	Inf	1766	0.000000
281474976710655.000000	144.021133	1767	0.000000
281474976710655.000000	Inf	1768	0.000000
281474976710655.000000	Inf	1769	0.000000
281474976710655.000000	148.701828	1770	0.000000
281474976710655.000000	78.470032	1771	0.000000
281474976710655.000000	Inf	1772	0.000000
281474976710655.000000	153.525940	1773	0.000000
281474976710655.000000	Inf	1774	0.000000
281474976710655.000000	Inf	1775	0.000000
281474976710655.000000	Inf	1776	0.000000
281474976710655.000000	Inf	1777	0.000000
281474976710655.000000	Inf	1778	0.000000
281474976710655.000000	Inf	1779	0.000000
281474976710655.000000	148.950119	1780	0.000000
281474976710655.000000	Inf	1781	0.000000
281474976710655.000000	Inf	1782	0.000000
281474976710655.000000	Inf	1783	0.000000
281474976710655.000000	Inf	1784	0.000000
281474976710655.000000	Inf	1785	0.000000
281474976710655.000000	Inf	1786	0.000000
281474976710655.000000	Inf	1787	0.000000
281474976710655.000000	141.579498	1788	0.000000
281474976710655.000000	Inf	1789	0.000000
281474976710655.000000	69.958107	1790	0.000000
281474976710655.000000	Inf	1791	0.000000
281474976710655.000000	134.824203	1792	0.000000
281474976710655.000000	Inf	1793	0.000000
281474976710655.000000	Inf	1794	0.000000
281474976710655.000000	Inf	1795	0.000000
281474976710655.000000	Inf	1796	0.000000
281474976710655.000000	Inf	1797	0.000000
281474976710655.000000	Inf	1798	0.000000
281474976710655.000000	Inf	1799	0.000000
281474976710655.000000	Inf	1800	0.000000
281474976710655.000000	Inf	1801	0.000000
281474976710655.000000	Inf	1802	0.000000
281474976710655.000000	Inf	1803	0.000000
281474976710655.000000	Inf	1804	0.000000
281474976710655.000000	Inf	1805	0.000000
281474976710655.000000	Inf	1806	0.000000
281474976710655.000000	142.742615	1807	0.000000
281474976710655.000000	Inf	1808	0.000000
281474976710655.000000	Inf	1809	0.000000
281474976710655.000000	131.728302	1810	0.000000
281474976710655.000000	Inf	1811	0.000000
281474976710655.000000	Inf	1812	0.000000
281474976710655.000000	Inf	1813	0.000000
281474976710655.000000	Inf	1814	0.000000
281474976710655.000000	Inf	1815	0.000000
281474976710655.000000	131.657593	1816	0.000000
281474976710655.000000	Inf	1817	0.000000
281474976710655.000000	66.517921	1818	0.000000
281474976710655.000000	139.772858	1819	0.000000
281474976710655.000000	Inf	1820	0.000000
281474976710655.000000	Inf	1821	0.000000
281474976710655.000000	Inf	1822	0.000000
281474976710655.000000	136.394531	1823	0.000000
281474976710655.000000	139.266632	1824	0.000000
281474976710655.000000	67.447762	1825	0.000000
281474976710655.000000	135.533875	1826	0.000000
281474976710655.000000	Inf	1827	0.000000
281474976710655.000000	137.447891	1828	0.000000
281474976710655.000000	135.916702	1829	0.000000
281474976710655.000000	136.523422	1830	0.000000
281474976710655.000000	135.830368	1831	0.000000
281474976710655.000000	Inf	1832	0.000000
281474976710655.000000	Inf	1833	0.000000
281474976710655.000000	Inf	1834	0.000000
281474976710655.000000	Inf	1835	0.000000
281474976710655.000000	68.628883	1836	0.000000
281474976710655.000000	134.804245	1837	0.000000
281474976710655.000000	138.077698	1838	0.000000
281474976710655.000000	Inf	1839	0.000000
281474976710655.000000	Inf	1840	0.000000
281474976710655.000000	133.580521	1841	0.000000
281474976710655.000000	133.784531	1842	0.000000
281474976710655.000000	Inf	1843	0.000000
281474976710655.000000	Inf	1844	0.000000
281474976710655.000000	Inf	1845	0.000000
281474976710655.000000	Inf	1846	0.000000
281474976710655.000000	Inf	1847	0.000000
281474976710655.000000	134.916031	1848	0.000000
281474976710655.000000	67.339211	1849	0.000000
281474976710655.000000	131.611328	1850	0.000000
281474976710655.000000	134.196625	1851	0.000000
281474976710655.000000	Inf	1852	0.000000
281474976710655.000000	Inf	1853	0.000000
281474976710655.000000	132.053955	1854	0.000000
281474976710655.000000	65.505653	1855	0.000000
281474976710655.000000	132.819351	1856	0.000000
281474976710655.000000	Inf	1857	0.000000
281474976710655.000000	Inf	1858	0.000000
281474976710655.000000	64.531548	1859	0.000000
281474976710655.000000	Inf	1860	0.000000
281474976710655.000000	132.363724	1861	0.000000
281474976710655.000000	130.049225	1862	0.000000
281474976710655.000000	Inf	1863	0.000000
281474976710655.000000	131.827621	1864	0.000000
281474976710655.000000	127.336449	1865	0.000000
281474976710655.000000	128.311859	1866	0.000000
281474976710655.000000	123.107773	1867	0.000000
281474976710655.000000	128.669968	1868	0.000000
281474976710655.000000	Inf	1869	0.000000
281474976710655.000000	Inf	1870	0.000000
281474976710655.000000	Inf	1871	0.000000
281474976710655.000000	Inf	1872	0.000000
281474976710655.000000	122.787239	1873	0.000000
281474976710655.000000	126.450623	1874	0.000000
281474976710655.000000	122.633644	1875	0.000000
281474976710655.000000	127.435974	1876	0.000000
281474976710655.000000	124.839058	1877	0.000000
281474976710655.000000	Inf	1878	0.000000
281474976710655.000000	127.877831	1879	0.000000
281474976710655.000000	124.827187	1880	0.000000
281474976710655.000000	Inf	1881	0.000000
281474976710655.000000	126.883865	1882	0.000000
281474976710655.000000	59.142494	1883	0.000000
281474976710655.000000	128.355133	1884	0.000000
281474976710655.000000	Inf	1885	0.000000
281474976710655.000000	Inf	1886	0.000000
281474976710655.000000	124.074692	1887	0.000000
281474976710655.000000	124.340302	1888	0.000000
281474976710655.000000	123.986847	1889	0.000000
281474976710655.000000	Inf	1890	0.000000
281474976710655.000000	60.062584	1891	0.000000
281474976710655.000000	130.095413	1892	0.000000
281474976710655.000000	123.563828	1893	0.000000
281474976710655.000000	Inf	1894	0.000000
281474976710655.000000	Inf	1895	0.000000
281474976710655.000000	Inf	1896	0.000000
281474976710655.000000	Inf	1897	0.000000
281474976710655.000000	Inf	1898	0.000000
281474976710655.000000	Inf	1899	0.000000
281474976710655.000000	63.035500	1900	0.000000
281474976710655.000000	119.452904	1901	0.000000
281474976710655.000000	Inf	1902	0.000000
281474976710655.000000	111.967545	1903	0.000000
281474976710655.000000	123.681541	1904	0.000000
281474976710655.000000	117.404999	1905	0.000000
281474976710655.000000	Inf	1906	0.000000
281474976710655.000000	Inf	1907	0.000000
281474976710655.000000	Inf	1908	0.000000
281474976710655.000000	58.004372	1909	0.000000
281474976710655.000000	123.188004	1910	0.000000
281474976710655.000000	Inf	1911	0.000000
281474976710655.000000	123.860527	1912	0.000000
281474976710655.000000	Inf	1913	0.000000
281474976710655.000000	Inf	1914	0.000000
281474976710655.000000	115.067368	1915	0.000000
281474976710655.000000	124.078690	1916	0.000000
281474976710655.000000	114.471962	1917	0.000000
281474976710655.000000	124.847305	1918	0.000000
281474976710655.000000	113.498680	1919	0.000000
281474976710655.000000	Inf	1920	0.000000
281474976710655.000000	Inf	1921	0.000000
281474976710655.000000	127.001289	1922	0.000000
281474976710655.000000	75.241776	1923	0.000000
281474976710655.000000	Inf	1924	0.000000
281474976710655.000000	112.123459	1925	0.000000
281474976710655.000000	121.107880	1926	0.000000
281474976710655.000000	112.302292	1927	0.000000
281474976710655.000000	Inf	1928	0.000000
281474976710655.000000	115.182594	1929	0.000000
281474976710655.000000	59.798382	1930	0.000000
281474976710655.000000	113.648926	1931	0.000000
281474976710655.000000	120.671570	1932	0.000000
281474976710655.000000	Inf	1933	0.000000
281474976710655.000000	120.037918	1934	0.000000
281474976710655.000000	110.209679	1935	0.000000
281474976710655.000000	116.963577	1936	0.000000
281474976710655.000000	215.272079	1937	0.000000
281474976710655.000000	118.223412	1938	0.000000
281474976710655.000000	Inf	1939	0.000000
281474976710655.000000	118.643768	1940	0.000000
281474976710655.000000	Inf	1941	0.000000
281474976710655.000000	123.984810	1942	0.000000
281474976710655.000000	109.310860	1943	0.000000
281474976710655.000000	Inf	1944	0.000000
281474976710655.000000	Inf	1945	0.000000
281474976710655.000000	116.343491	1946	0.000000
281474976710655.000000	211.101715	1947	0.000000
281474976710655.000000	58.582787	1948	0.000000
281474976710655.000000	53.603069	1949	0.000000
281474976710655.000000	Inf	1950	0.000000
281474976710655.000000	Inf	1951	0.000000
281474976710655.000000	114.715767	1952	0.000000
281474976710655.000000	Inf	1953	0.000000
281474976710655.000000	58.754604	1954	0.000000
281474976710655.000000	Inf	1955	0.000000
281474976710655.000000	116.015755	1956	0.000000
281474976710655.000000	106.740051	1957	0.000000
281474976710655.000000	Inf	1958	0.000000
281474976710655.000000	Inf	1959	0.000000
281474976710655.000000	115.380760	1960	0.000000
281474976710655.000000	103.817589	1961	0.000000
281474976710655.000000	Inf	1962	0.000000
281474976710655.000000	102.779594	1963	0.000000
281474976710655.000000	111.196884	1964	0.000000
281474976710655.000000	51.219997	1965	0.000000
281474976710655.000000	116.218941	1966	0.000000
281474976710655.000000	102.955238	1967	0.000000
281474976710655.000000	111.457993	1968	0.000000
281474976710655.000000	103.237755	1969	0.000000
281474976710655.000000	112.582275	1970	0.000000
281474976710655.000000	101.292015	1971	0.000000
281474976710655.000000	Inf	1972	0.000000
281474976710655.000000	Inf	1973	0.000000
281474976710655.000000	113.206894	1974	0.000000
281474976710655.000000	103.840355	1975	0.000000
281474976710655.000000	55.052914	1976	0.000000
281474976710655.000000	95.965691	1977	0.000000
281474976710655.000000	110.805588	1978	0.000000
281474976710655.000000	201.184952	1979	0.000000
281474976710655.000000	111.427834	1980	0.000000
281474976710655.000000	Inf	1981	0.000000
281474976710655.000000	Inf	1982	0.000000
281474976710655.000000	Inf	1983	0.000000
281474976710655.000000	52.829163	1984	0.000000
281474976710655.000000	Inf	1985	0.000000
281474976710655.000000	Inf	1986	0.000000
281474976710655.000000	49.335529	1987	0.000000
281474976710655.000000	Inf	1988	0.000000
281474976710655.000000	97.672485	1989	0.000000
281474976710655.000000	54.055012	1990	0.000000
281474976710655.000000	Inf	1991	0.000000
281474976710655.000000	105.104431	1992	0.000000
281474976710655.000000	98.130699	1993	0.000000
281474976710655.000000	Inf	1994	0.000000
281474976710655.000000	98.332802	1995	0.000000
281474976710655.000000	106.539375	1996	0.000000
281474976710655.000000	198.051529	1997	0.000000
281474976710655.000000	69.978600	1998	0.000000
281474976710655.000000	95.740677	1999	0.000000
281474976710655.000000	104.208977	2000	0.000000
281474976710655.000000	95.850075	2001	0.000000
281474976710655.000000	103.120827	2002	0.000000
281474976710655.000000	94.797775	2003	0.000000
281474976710655.000000	107.754250	2004	0.000000
281474976710655.000000	94.356010	2005	0.000000
281474976710655.000000	50.859383	2006	0.000000
281474976710655.000000	183.239685	2007	0.000000
281474976710655.000000	104.143326	2008	0.000000
281474976710655.000000	Inf	2009	0.000000
281474976710655.000000	105.054825	2010	0.000000
281474976710655.000000	94.137367	2011	0.000000
281474976710655.000000	Inf	2012	0.000000
281474976710655.000000	92.588547	2013	0.000000
281474976710655.000000	50.200169	2014	0.000000
281474976710655.000000	Inf	2015	0.000000
281474976710655.000000	51.754189	2016	0.000000
281474976710655.000000	91.700211	2017	0.000000
281474976710655.000000	99.976501	2018	0.000000
281474976710655.000000	91.835205	2019	0.000000
281474976710655.000000	99.963974	2020	0.000000
281474976710655.000000	45.659237	2021	0.000000
281474976710655.000000	67.159042	2022	0.000000
281474976710655.000000	Inf	2023	0.000000
281474976710655.000000	51.077633	2024	0.000000
281474976710655.000000	Inf	2025	0.000000
281474976710655.000000	48.903301	2026	0.000000
281474976710655.000000	174.878601	2027	0.000000
281474976710655.000000	50.744328	2028	0.000000
281474976710655.000000	89.605728	2029	0.000000
281474976710655.000000	99.003281	2030	0.000000
281474976710655.000000	89.551056	2031	0.000000
281474976710655.000000	Inf	2032	0.000000
281474976710655.000000	87.250114	2033	0.000000
281474976710655.000000	99.957115	2034	0.000000
281474976710655.000000	92.360962	2035	0.000000
281474976710655.000000	100.044273	2036	0.000000
281474976710655.000000	58.112022	2037	0.000000
281474976710655.000000	96.542221	2038	0.000000
281474976710655.000000	Inf	2039	0.000000
281474976710655.000000	98.272049	2040	0.000000
281474976710655.000000	176.568512	2041	0.000000
281474976710655.000000	96.085014	2042	0.000000
281474976710655.000000	178.699448	2043	0.000000
281474976710655.000000	64.209442	2044	0.000000
281474976710655.000000	Inf	2045	0.000000
281474976710655.000000	96.205429	2046	0.000000
281474976710655.000000	85.377396	2047	0.000000
281474976710655.000000	48.165798	2048	0.000000
281474976710655.000000	87.181763	2049	0.000000
281474976710655.000000	96.649521	2050	0.000000
281474976710655.000000	41.930107	2051	0.000000
281474976710655.000000	94.151482	2052	0.000000
281474976710655.000000	Inf	2053	0.000000
281474976710655.000000	94.074211	2054	0.000000
281474976710655.000000	85.875488	2055	0.000000
281474976710655.000000	93.214500	2056	0.000000
